First test with array, time(in seconds) :
3.18e-05
2.45e-05
4.27e-05
2.46e-05
2.56e-05
6.5e-05
2.39e-05
2.36e-05
2.44e-05
0.0001019
2.46e-05
2.37e-05
2.54e-05
2.83e-05
2.44e-05
0.0001003
4.44e-05
2.8e-05
2.61e-05
2.81e-05
3.24e-05
4.69e-05
3.35e-05
0.0001019
6.74e-05
2.9e-05
4.13e-05
6.39e-05
2.57e-05
3.12e-05
2.89e-05
2.82e-05
2.61e-05
2.81e-05
3.18e-05
3.57e-05
2.58e-05
2.54e-05
2.42e-05
3.02e-05
second test with Vector, time(in second): 
1.6e-05
4.23e-05
1.24e-05
1.49e-05
0.0001341
1.26e-05
9.4e-06
1.46e-05
3.48e-05
1.07e-05
2.05e-05
3.33e-05
1.43e-05
9e-06
1.46e-05
0.0001001
1.26e-05
9.2e-06
1.72e-05
1.3e-05
1.24e-05
1.48e-05
4.03e-05
1.47e-05
1.57e-05
1.03e-05
1.49e-05
1.43e-05
1.37e-05
9.2e-06
1.04e-05
1.42e-05
9.5e-06
1.47e-05
1.61e-05
8.4e-06
1.28e-05
3.96e-05
9.7e-06
2.16e-05
