First test with array, time(in nanoseconds) :
503
288
649
444
260
249
244
249
249
248
345
408
269
327
352
259
325
300
279
364
386
264
852
267
448
286
290
294
468
283
294
379
301
276
285
253
256
503
258
250
242
243
280
475
254
264
256
264
251
243
242
270
247
245
371
second test with Vector, time(in nanosecond): 
307
125
123
126
125
323
131
126
154
124
124
123
137
137
132
163
165
132
164
118
126
127
135
131
139
135
87
140
176
96
146
158
293
140
134
148
146
145
143
152
138
132
115
113
264
121
124
153
180
165
137
145
308
141
80
