First test with array, time(in nanoseconds) :
0.0005
0.0004
0.0003
0.0003
0.0003
0.0003
0.0004
0.0003
0.0003
0.0003
0.0004
0.0002
0.0003
0.0003
0.0004
0.0003
0.0003
0.0003
0.0004
0.0003
0.0003
0.0004
0.0003
0.0003
0.0003
0.0003
0.0003
0.0003
0.0004
0.0003
0.0003
0.0004
0.0003
0.0004
0.0003
0.0003
0.0003
0.0003
0.0004
0.0003
0.0004
0.0003
0.0003
0.0003
0.0003
0.0003
0.0003
0.0003
0.0003
0.0003
0.0004
0.0004
0.0003
0.0004
0.0004
second test with Vector, time(in nanosecond): 
0.0002
0.0002
0.0002
0.0002
0.0002
0.0002
0.0002
0.0002
0.0002
0.0003
0.0002
0.0002
0.0002
0.0002
0.0003
0.0002
0.0002
0.0002
0.0002
0.0002
0.0002
0.0002
0.0002
0.0001
0.0002
0.0002
0.0002
0.0002
0.0002
0.0001
0.0003
0.0002
0.0002
0.0003
0.0003
0.0002
0.0002
0.0002
0.0002
0.0002
0.0002
0.0002
0.0001
0.0003
0.0001
0.0002
0.0003
0.0002
0.0002
0.0002
0.0002
0.0002
0.0003
0.0002
0.0002
