First test with array, time(in nanoseconds) :
4.62244e+08
2.47899e+08
2.49611e+08
2.48967e+08
2.5454e+08
2.40219e+08
2.48654e+08
2.43111e+08
2.75697e+08
2.47641e+08
2.87006e+08
3.29405e+08
2.50031e+08
2.70029e+08
2.50621e+08
2.85015e+08
2.79389e+08
2.59418e+08
2.59716e+08
2.95536e+08
3.59034e+08
2.66798e+08
2.62762e+08
2.75863e+08
2.75226e+08
2.45301e+08
2.62604e+08
2.78507e+08
2.74286e+08
2.70805e+08
2.77455e+08
2.98527e+08
2.72565e+08
2.73292e+08
3.28274e+08
3.25718e+08
3.12932e+08
3.20963e+08
3.03033e+08
2.83157e+08
2.86105e+08
3.03068e+08
3.04739e+08
2.73197e+08
3.12433e+08
3.20482e+08
2.82175e+08
2.64669e+08
2.55743e+08
3.25119e+08
2.54002e+08
2.54634e+08
2.59797e+08
2.51885e+08
2.57553e+08
second test with Vector, time(in nanosecond): 
2.83974e+08
9.2572e+07
9.7044e+07
9.7849e+07
9.5401e+07
9.1493e+07
9.7642e+07
8.8662e+07
9.276e+07
1.0621e+08
8.937e+07
9.3068e+07
9.3181e+07
8.8043e+07
1.64097e+08
9.0633e+07
9.7522e+07
8.7737e+07
9.4604e+07
9.1854e+07
9.242e+07
9.2453e+07
1.1148e+08
1.03523e+08
9.6891e+07
1.63056e+08
9.2096e+07
9.1566e+07
9.1432e+07
9.1144e+07
1.05312e+08
9.1672e+07
8.9838e+07
9.3291e+07
9.0675e+07
9.0307e+07
1.28377e+08
9.2992e+07
9.2839e+07
1.028e+08
1.05783e+08
9.3958e+07
1.31031e+08
9.7933e+07
9.3604e+07
9.5437e+07
9.1339e+07
9.0878e+07
9.5915e+07
9.5893e+07
1.00194e+08
8.8093e+07
9.8038e+07
9.0404e+07
9.0175e+07
