First test with array, time(in nanoseconds) :
4.4791e+08
2.8294e+08
2.9841e+08
5.6208e+08
2.9169e+08
2.7095e+08
3.8343e+08
2.4774e+08
2.3402e+08
2.4347e+08
2.5228e+08
2.5052e+08
2.416e+08
2.7059e+08
2.7632e+08
2.4177e+08
2.4237e+08
2.504e+08
2.7418e+08
2.3918e+08
2.428e+08
2.4891e+08
2.6214e+08
3.1155e+08
2.5913e+08
2.5429e+08
2.4657e+08
2.3354e+08
2.5266e+08
2.5706e+08
2.4689e+08
2.4954e+08
2.4566e+08
2.4345e+08
2.508e+08
2.6289e+08
2.6071e+08
2.578e+08
2.4153e+08
2.4623e+08
second test with Vector, time(in nanosecond): 
3.7136e+08
8.99e+07
9.162e+07
9.224e+07
9.588e+07
9.292e+07
9.486e+07
9.117e+07
9.032e+07
9.165e+07
1.2003e+08
1.1647e+08
1.684e+08
8.92e+07
1.1116e+08
9.161e+07
9.137e+07
1.5884e+08
9.719e+07
9.647e+07
9.018e+07
1.0578e+08
9.006e+07
1.0138e+08
9.273e+07
8.832e+07
1.0438e+08
9.154e+07
9.631e+07
8.935e+07
9.533e+07
9.259e+07
9.73e+07
9.104e+07
8.997e+07
8.651e+07
9.58e+07
9.675e+07
8.505e+07
9.743e+07
