First test with array, time(in nanoseconds) :
568600
378500
518900
349600
261500
261400
258200
267200
257400
293500
266800
275300
253600
396200
391300
387900
266300
392100
267500
272600
335500
284100
313700
369300
265900
276900
271500
355900
308500
315700
269600
845800
481000
352500
314400
582400
336900
345600
313100
486200
second test with Vector, time(in nanosecond): 
378500
175800
180800
128800
109000
140500
124600
100700
179800
99600
138900
181300
189100
122200
122300
160200
144600
240200
140000
122200
104000
100800
117000
107400
125000
110100
257000
167200
92000
99000
90100
88200
92100
85500
82600
81600
82100
94900
94600
106800
