First test with array, time(in seconds) :
2.59e-05
2.58e-05
2.54e-05
5.58e-05
2.45e-05
2.41e-05
2.46e-05
2.58e-05
2.45e-05
3.08e-05
0.0001241
2.57e-05
2.5e-05
2.48e-05
2.43e-05
2.43e-05
2.44e-05
6.63e-05
2.63e-05
2.37e-05
4.84e-05
4.89e-05
6.24e-05
2.58e-05
2.83e-05
4.29e-05
2.52e-05
4.65e-05
2.41e-05
2.6e-05
2.67e-05
5.49e-05
2.62e-05
2.93e-05
2.5e-05
2.44e-05
2.68e-05
3.56e-05
2.82e-05
3.08e-05
second test with Vector, No flag, time(in second): 
0.0007286
0.0002771
0.000256
0.000174
0.0001706
0.0002869
0.0001692
0.0002359
0.0001683
0.0001739
0.000173
0.0001713
0.0003405
0.0002962
0.0001737
0.000213
0.0001851
0.0001778
0.0001731
0.0001743
0.0001703
0.000189
0.0001689
0.0003691
0.0001682
0.0002475
0.0003134
0.0002292
0.0001694
0.0001686
0.0001678
0.0001723
0.0001683
0.0001685
0.0001897
0.0001683
0.0002104
0.0003743
0.0003236
0.0002598
