First test with array, time(in nanoseconds) :
0.47
0.26
0.25
0.25
0.27
0.3
0.27
0.27
0.38
0.27
0.26
0.27
0.28
0.25
0.25
0.27
0.24
0.27
0.26
0.27
0.34
0.29
0.28
0.29
0.29
0.28
0.27
0.27
0.27
0.35
0.26
0.24
0.4
0.27
0.26
0.28
0.25
0.27
0.28
0.26
0.28
0.26
0.3
0.33
0.28
0.27
0.26
0.27
0.28
0.29
0.38
0.29
0.26
0.27
0.28
second test with Vector, time(in nanosecond): 
0.36
0.14
0.15
0.1
0.23
0.36
0.25
0.14
0.12
0.11
0.08
0.16
0.14
0.17
0.12
0.11
0.09
0.09
0.08
0.1
0.09
0.13
0.28
0.11
0.11
0.08
0.09
0.11
0.09
0.13
0.08
0.11
0.1
0.1
0.1
0.1
0.1
0.08
0.11
0.11
0.12
0.09
0.1
0.09
0.1
0.1
0.16
0.11
0.14
0.13
0.08
0.08
0.07
0.1
0.1
