First test with array, time(in nanoseconds) :
84000
228000
201000
29000
26000
26000
29000
27000
26000
29000
30000
212000
24000
24000
25000
25000
25000
27000
26000
24000
27000
26000
25000
32000
26000
28000
28000
27000
28000
24000
25000
26000
26000
27000
26000
26000
26000
25000
27000
24000
24000
27000
28000
28000
29000
26000
28000
24000
25000
25000
25000
25000
27000
26000
26000
second test with Vector, time(in nanosecond): 
32000
8000
13000
8000
8000
10000
7000
10000
18000
14000
11000
11000
14000
14000
12000
47000
9000
8000
12000
11000
9000
10000
11000
10000
8000
9000
9000
11000
8000
12000
18000
12000
9000
11000
10000
9000
17000
8000
9000
11000
7000
9000
8000
8000
10000
18000
14000
11000
8000
12000
8000
10000
11000
8000
7000
