First test with array, time(in nanoseconds) :
4.9848e+07
2.8453e+07
2.7875e+07
3.5718e+07
3.0709e+07
3.2395e+07
2.7586e+07
2.6329e+07
2.7246e+07
2.5032e+07
4.3847e+07
2.4661e+07
4.2722e+07
2.9286e+07
2.4162e+07
2.5246e+07
2.5343e+07
2.5136e+07
2.6081e+07
2.7382e+07
2.4422e+07
2.638e+07
2.5203e+07
2.6686e+07
2.3393e+07
2.4714e+07
2.6084e+07
2.5005e+07
2.4963e+07
2.4922e+07
4.0026e+07
2.4744e+07
2.4413e+07
2.5377e+07
2.5771e+07
2.527e+07
2.4979e+07
2.6511e+07
2.6771e+07
4.1147e+07
2.6268e+07
2.6264e+07
2.8475e+07
2.746e+07
2.5177e+07
2.4123e+07
2.6528e+07
2.7526e+07
2.5907e+07
2.4729e+07
2.5141e+07
2.4656e+07
2.38e+07
2.4308e+07
2.348e+07
second test with Vector, time(in nanosecond): 
2.8915e+07
9.169e+06
8.988e+06
9.083e+06
9.033e+06
9.131e+06
9.333e+06
1.0759e+07
9.303e+06
9.312e+06
9.002e+06
9.103e+06
9.707e+06
1.0837e+07
9.284e+06
1.0713e+07
9.973e+06
1.4711e+07
9.714e+06
9.221e+06
9.84e+06
1.017e+07
9.742e+06
9.131e+06
9.563e+06
9.358e+06
9.306e+06
9.437e+06
9.227e+06
8.98e+06
9.096e+06
1.6807e+07
9.167e+06
1.054e+07
1.0243e+07
9.66e+06
9.34e+06
9.158e+06
1.2259e+07
9.005e+06
8.893e+06
8.999e+06
8.601e+06
8.546e+06
9.042e+06
9.171e+06
1.0093e+07
9.364e+06
1.2779e+07
9.1e+06
1.1201e+07
9.089e+06
8.74e+06
1.0495e+07
9.022e+06
