First test with array, time(in nanoseconds) :
631000
265000
243000
248000
246000
250000
255000
305000
251000
250000
247000
235000
238000
472000
425000
655000
243000
269000
246000
301000
264000
261000
263000
250000
272000
255000
256000
249000
257000
243000
241000
248000
260000
256000
261000
256000
657000
450000
600000
249000
315000
256000
286000
307000
318000
478000
316000
282000
302000
288000
290000
265000
329000
292000
429000
second test with Vector, time(in nanosecond): 
348000
96000
144000
340000
99000
115000
179000
171000
274000
91000
169000
312000
134000
143000
156000
136000
156000
168000
152000
93000
137000
98000
151000
118000
132000
125000
147000
109000
165000
142000
89000
134000
155000
149000
190000
304000
134000
149000
143000
96000
105000
149000
140000
94000
97000
137000
121000
126000
89000
87000
263000
137000
138000
120000
131000
