First test with array, time(in nanoseconds) :
4000
3000
3000
3000
3000
3000
3000
4000
3000
3000
3000
3000
4000
3000
3000
4000
4000
4000
3000
2000
3000
3000
3000
3000
3000
3000
3000
2000
3000
3000
3000
4000
4000
3000
3000
3000
3000
2000
3000
3000
2000
3000
3000
2000
3000
3000
3000
3000
3000
3000
3000
3000
3000
2000
3000
second test with Vector, time(in nanosecond): 
46000
2000
2000
1000
2000
2000
1000
2000
1000
2000
2000
2000
2000
2000
2000
2000
1000
2000
2000
2000
2000
2000
1000
2000
2000
2000
1000
2000
2000
2000
1000
1000
2000
1000
1000
1000
1000
1000
2000
1000
2000
2000
2000
1000
1000
2000
1000
1000
2000
1000
2000
1000
2000
1000
1000
