First test with array, time(in nanoseconds) :
6.918e+06
2.671e+06
2.794e+06
2.949e+06
2.548e+06
3.095e+06
2.541e+06
2.675e+06
3.08e+06
2.494e+06
3.333e+06
2.651e+06
3.582e+06
2.54e+06
2.544e+06
3.186e+06
2.555e+06
2.993e+06
4.073e+06
3.482e+06
3.322e+06
3.025e+06
4.431e+06
3.279e+06
3.001e+06
2.873e+06
2.647e+06
2.698e+06
2.766e+06
7.165e+06
5.931e+06
3.651e+06
4.095e+06
3.196e+06
3.195e+06
3.515e+06
3.632e+06
3.845e+06
2.972e+06
2.66e+06
2.633e+06
2.828e+06
3.327e+06
3.045e+06
2.788e+06
3.75e+06
2.668e+06
3.158e+06
3.273e+06
2.732e+06
2.717e+06
3.344e+06
2.926e+06
2.839e+06
3.348e+06
second test with Vector, time(in nanosecond): 
3.623e+06
1.039e+06
1.044e+06
1.414e+06
992000
1.374e+06
854000
915000
1.196e+06
946000
922000
1.115e+06
834000
832000
785000
839000
1.331e+06
855000
928000
1.501e+06
940000
1.347e+06
865000
794000
848000
822000
803000
798000
775000
1.066e+06
929000
1.019e+06
882000
828000
787000
888000
893000
820000
877000
887000
1.597e+06
894000
922000
1.066e+06
873000
893000
1.153e+06
846000
844000
710000
780000
931000
1.078e+06
904000
835000
