third test with Vector and opt, time(in nanosecond): 
3.1907e+07
6.328e+06
1.0108e+07
8.977e+06
9.651e+06
8.013e+06
6.157e+06
6.296e+06
5.951e+06
6.46e+06
5.91e+06
6.464e+06
5.95e+06
6.326e+06
5.964e+06
5.992e+06
6.495e+06
8.04e+06
6.458e+06
5.925e+06
5.854e+06
7.126e+06
6.119e+06
9.403e+06
5.923e+06
6.293e+06
5.997e+06
6.802e+06
6.268e+06
5.957e+06
7.51e+06
6.006e+06
5.886e+06
5.869e+06
6.103e+06
5.827e+06
9.297e+06
6.961e+06
5.853e+06
5.874e+06
6.136e+06
6.33e+06
5.881e+06
5.937e+06
7.301e+06
5.938e+06
6.568e+06
1.2561e+07
5.916e+06
5.917e+06
5.935e+06
5.931e+06
5.86e+06
5.975e+06
5.948e+06
