third test with Vector and opt, time(in nanosecond): 
2.57722e+08
6.888e+07
7.8784e+07
1.1001e+08
6.5797e+07
6.444e+07
6.8509e+07
6.5812e+07
6.5594e+07
1.03782e+08
6.2908e+07
6.8319e+07
6.3199e+07
1.19547e+08
6.9372e+07
6.8229e+07
6.6296e+07
6.5033e+07
7.0606e+07
6.4761e+07
6.505e+07
6.3567e+07
6.6395e+07
6.5792e+07
6.9344e+07
6.3951e+07
6.4738e+07
6.4755e+07
6.5434e+07
6.5262e+07
6.4296e+07
6.8682e+07
6.0804e+07
7.2664e+07
6.3309e+07
6.4442e+07
6.3722e+07
6.4478e+07
7.1911e+07
1.15855e+08
6.4635e+07
6.457e+07
6.6039e+07
7.9693e+07
6.4837e+07
6.4407e+07
6.3239e+07
6.6016e+07
6.3691e+07
8.7075e+07
6.2962e+07
6.5189e+07
6.1451e+07
7.0782e+07
6.3489e+07
